product_id
20001
20002
20003
20004
20005
20006
20007
20008
20009
20010
20011
20012
20013
20014
20015
20016
20017
20018
20019
20020
20021
20022
20023
20024
20025
20026
20027
20028
20029
20030
20031
20032
20033
20035
20037
20038
20039
20041
20042
20043
20044
20045
20046
20047
20049
20050
20051
20052
20053
20054
20055
20056
20057
20058
20059
20061
20062
20063
20065
20066
20067
20068
20069
20070
20071
20072
20073
20074
20075
20076
20077
20079
20080
20081
20082
20084
20085
20086
20087
20089
20090
20091
20092
20093
20094
20095
20096
20097
20099
20100
20101
20102
20103
20106
20107
20108
20109
20111
20112
20114
20116
20117
20118
20119
20120
20121
20122
20123
20124
20125
20126
20127
20129
20130
20132
20133
20134
20135
20137
20138
20139
20140
20142
20143
20144
20145
20146
20148
20150
20151
20152
20153
20155
20157
20158
20159
20160
20161
20162
20164
20166
20167
20168
20170
20174
20175
20176
20177
20179
20180
20181
20182
20183
20184
20187
20188
20189
20192
20193
20196
20197
20198
20200
20201
20202
20203
20205
20206
20207
20208
20209
20210
20211
20212
20213
20215
20216
20218
20219
20220
20222
20224
20225
20226
20227
20228
20230
20231
20232
20233
20234
20235
20236
20237
20238
20239
20240
20241
20242
20244
20246
20249
20251
20252
20253
20254
20255
20256
20257
20259
20261
20262
20263
20264
20265
20266
20267
20268
20269
20270
20271
20272
20273
20275
20276
20277
20278
20280
20281
20282
20283
20284
20285
20286
20288
20289
20290
20291
20292
20295
20296
20297
20298
20299
20300
20301
20302
20303
20304
20305
20306
20307
20309
20310
20311
20313
20314
20315
20316
20317
20319
20320
20321
20322
20323
20324
20325
20326
20327
20328
20329
20330
20332
20334
20335
20336
20337
20338
20340
20341
20342
20343
20344
20346
20348
20349
20350
20351
20352
20353
20354
20355
20356
20357
20358
20359
20361
20362
20364
20365
20366
20367
20368
20372
20375
20377
20378
20379
20380
20381
20382
20383
20384
20385
20386
20387
20388
20389
20390
20395
20396
20398
20400
20401
20402
20403
20404
20406
20407
20408
20409
20410
20411
20414
20415
20416
20417
20418
20419
20421
20422
20424
20426
20428
20429
20432
20433
20434
20438
20440
20442
20443
20447
20449
20450
20453
20456
20458
20459
20460
20463
20464
20465
20466
20469
20470
20473
20474
20476
20477
20478
20479
20480
20481
20482
20483
20484
20488
20490
20491
20495
20496
20497
20500
20502
20503
20505
20508
20509
20510
20513
20514
20517
20520
20521
20522
20523
20524
20525
20526
20527
20530
20531
20532
20536
20537
20538
20539
20540
20541
20542
20544
20547
20548
20549
20551
20552
20553
20555
20558
20559
20560
20561
20563
20565
20567
20568
20569
20570
20571
20572
20574
20575
20576
20577
20578
20579
20580
20583
20585
20586
20588
20589
20592
20593
20596
20597
20599
20600
20601
20602
20603
20604
20605
20606
20609
20611
20612
20614
20615
20617
20620
20621
20622
20623
20624
20627
20628
20629
20632
20633
20636
20637
20638
20639
20640
20641
20642
20644
20646
20647
20649
20651
20652
20653
20654
20655
20657
20658
20659
20660
20661
20662
20663
20664
20666
20667
20670
20672
20673
20674
20676
20677
20678
20679
20680
20681
20682
20684
20685
20686
20689
20691
20693
20694
20696
20697
20699
20700
20701
20702
20703
20705
20706
20708
20709
20711
20713
20714
20715
20719
20720
20721
20724
20729
20730
20732
20733
20735
20737
20739
20741
20742
20743
20744
20745
20746
20749
20750
20751
20754
20756
20757
20758
20759
20761
20762
20765
20768
20771
20772
20773
20774
20775
20777
20781
20783
20785
20786
20788
20789
20793
20795
20800
20801
20802
20803
20807
20809
20810
20811
20812
20815
20817
20818
20820
20822
20823
20824
20826
20827
20828
20830
20831
20832
20835
20838
20840
20843
20845
20846
20847
20849
20852
20853
20855
20859
20862
20863
20864
20865
20870
20877
20878
20879
20882
20883
20885
20886
20892
20894
20899
20901
20902
20904
20906
20907
20908
20910
20912
20913
20914
20917
20919
20920
20922
20924
20925
20927
20928
20931
20932
20933
20936
20937
20941
20942
20945
20946
20947
20948
20949
20951
20953
20956
20957
20961
20962
20965
20966
20967
20968
20970
20975
20976
20982
20985
20986
20987
20990
20991
20994
20995
20996
20997
21001
21003
21006
21007
21008
21014
21016
21022
21024
21027
21028
21032
21033
21034
21035
21037
21038
21039
21040
21042
21044
21048
21049
21055
21056
21057
21058
21064
21065
21073
21074
21077
21079
21080
21084
21086
21087
21088
21092
21093
21097
21099
21105
21109
21110
21111
21112
21114
21118
21119
21126
21129
21131
21135
21140
21142
21144
21146
21153
21154
21155
21157
21159
21163
21164
21167
21168
21170
21171
21176
21179
21180
21182
21184
21190
21191
21192
21194
21196
21200
21201
21202
21207
21209
21212
21214
21218
21222
21224
21226
21227
21233
21244
21245
21246
21248
21252
21256
21259
21262
21263
21265
21266
21267
21276
